Accuracy: 0.8926365795724466
Precision: 0.8627973574292924
Recall: 0.8535239054938247
F1 score: 0.8485546809978749
