Accuracy: 0.011876484560570071
Precision: 0.00027619731536209467
Recall: 0.023255813953488372
F1 score: 0.0005459111256687411
