Accuracy: 0.9294536817102138
Precision: 0.9075581741422907
Recall: 0.8926451045396951
F1 score: 0.8947038160134675
