Accuracy: 0.949089469517023
Precision: 0.9126550625844074
Recall: 0.9280426232289225
F1 score: 0.9142287388940716
