Accuracy: 0.03016627078384798
Precision: 0.07815696136119617
Recall: 0.023031720311295637
F1 score: 0.014122057221387431
