Accuracy: 0.018210609659540775
Precision: 0.10648477498283039
Recall: 0.026021313817067102
F1 score: 0.02410539791420968
