Accuracy: 0.007125890736342043
Precision: 0.00016571838921725681
Recall: 0.023255813953488372
F1 score: 0.0003290917068889864
