Accuracy: 0.06634996041171813
Precision: 0.02737790221224028
Recall: 0.03743796479893548
F1 score: 0.01775134190966642
