Accuracy: 0.017973079968329374
Precision: 0.1545890222432724
Recall: 0.027344312243200008
F1 score: 0.01790235006311226
