Accuracy: 0.04465558194774347
Precision: 0.2032036557463873
Recall: 0.029824992911443866
F1 score: 0.021574960491770278
