Accuracy: 0.0452098178939034
Precision: 0.003929670760707652
Recall: 0.042177002583979335
F1 score: 0.006464169762594988
